3.409293047580616021e-01
6.924399879838848415e-01
4.397559775033518248e-01
6.260995777143617547e-01
8.917056862603708334e-01
4.050120016037446202e-01
5.341327048950571532e-01
9.203176733011106947e-01
2.989774061842531694e-01
6.948458197395238622e-01
5.571648004681850619e-02
5.937050907106348197e-01
1.500392389045446251e-01
4.369703630195002075e-01
7.906066348984563952e-01
6.135129405647615775e-01
5.509884969619935902e-01
2.639317545948094423e-01
7.950456991869246925e-01
5.063971471653877510e-01
7.968107362660795667e-01
5.121730067403960085e-01
2.244899790504563120e-01
8.123199986596398858e-01
1.457083608551708043e-01
1.551907505483693939e-01
8.419244930332153709e-01
1.393551670296504508e-01
7.256905368466024520e-01
5.860023673619558782e-01
3.903828599492222828e-01
7.100910614009576793e-01
7.405091941160204527e-01
6.171712551771357802e-02
9.640028005524312604e-01
1.329200929882320414e-01
2.657514771381124241e-01
1.996012596273285533e-01
1.007225707670538206e-01
8.503168817562373194e-01
1.787131657445256705e-01
9.676846699794263706e-01
2.903288021747435499e-01
9.071159868274759619e-01
1.655570254355069881e-01
2.961268891295452121e-01
7.292162058758157039e-01
9.330984436785426661e-01
2.014137284703170216e-01
6.999956377181641987e-01
9.151156407842568896e-01
5.708290530081695513e-01
7.346592616245739560e-01
1.297763154814978170e-01
3.975296900349519769e-01
4.009722539242254191e-01
4.498486449954652855e-02
6.516984724106471560e-01
2.982124047427208158e-01
9.703076651979236633e-01
6.932849000896451619e-01
4.856975253643991408e-02
7.143808444873003261e-01
7.933195405097706043e-01
4.073679255447039127e-01
7.025938998419609671e-01
9.323664072407655823e-01
6.988518423800361701e-01
3.898307775064902003e-01
9.620456470041718333e-01
2.007488009289538633e-01
8.026279315458958452e-01
5.598169623914142079e-01
8.311028981013033334e-01
6.734803597474545711e-01
9.953834995319578161e-01
8.776408259978574211e-02
1.786476909461185425e-01
5.353230105835748986e-02
6.822098531660999443e-01
9.651031419534487066e-01
4.572480731652421859e-01
3.697283464730397595e-01
9.563050774311258051e-01
7.600807960771888139e-01
2.076348762053148445e-02
3.186938669945340585e-01
2.846668166310184489e-03
5.583392350553307848e-01
6.362649943533387198e-01
6.369363539759822501e-01
8.536839805740552567e-01
1.857900551802661449e-01
1.166069835401561949e-01
2.279244689062134288e-01
3.042095414416472465e-01
5.364861871831072548e-01
5.298409163965697166e-01
7.320503136388089027e-01
5.401727433135631307e-01
